0.0000000000000000e+00
-9.9353719159494844e+01
-1.0020872540557318e+02
-1.0104404380662095e+02
-1.0185950857019915e+02
-1.0265495219436748e+02
-1.0343020522461522e+02
-1.0418509602896037e+02
-1.0491945059250421e+02
-1.0563309233272058e+02
-1.0632584193674964e+02
-1.0699751722195668e+02
-1.0764793302100772e+02
-1.0827690109270252e+02
-1.0888423005979530e+02
-1.0946972537501816e+02
-1.1003318931650718e+02
-1.1057442101381027e+02
-1.1109321650563174e+02
-1.1158936883043896e+02
-1.1206266815102005e+02
-1.1251290191403859e+02
-1.1293985504557864e+02
-1.1334331018361290e+02
-1.1372304794825340e+02
-1.1407884725056113e+02
-1.1441048564059331e+02
-1.1471773969525576e+02
-1.1500038544640289e+02
-1.1525819884948510e+02
-1.1549095629288485e+02
-1.1569843514790804e+02
-1.1588041435920331e+02
-1.1603667507517181e+02
-1.1616700131770142e+02
-1.1627118069031332e+02
-1.1634900512354820e+02
-1.1640027165613995e+02
-1.1642478325023478e+02
-1.1642234963860895e+02
-1.1639278820152330e+02
-1.1633592487053298e+02
-1.1625159505624086e+02
-1.1613964459665726e+02
-1.1599993072250011e+02
-1.1583232303544844e+02
-1.1563670449505285e+02
-1.1541297240970502e+02
-1.1516103942679413e+02
-1.1488083451691801e+02
-1.1457230394678979e+02
-1.1423541223528409e+02
-1.1387014308690524e+02
-1.1347650029683928e+02
-1.1305450862167541e+02
-1.1260421460985179e+02
-1.1212568738590163e+02
-1.1161901938264744e+02
-1.1108432701561824e+02
-1.1052175129414532e+02
-1.0993145836382921e+02
-1.0931363997536174e+02
-1.0866851387503161e+02
-1.0799632411263873e+02
-1.0729734126298769e+02
-1.0657186255762119e+02
-1.0582021192398616e+02
-1.0504273992979310e+02
-1.0423982363092838e+02
-1.0341186632190278e+02
-1.0255929718846323e+02
-1.0168257086264788e+02
-1.0078216688122581e+02
-9.9858589049119487e+01
-9.8912364710057759e+01
-9.7944043927339933e+01
-9.6954198578201243e+01
-9.5943421365851975e+01
-9.4912324753807653e+01
-9.3861539827632484e+01
-9.2791715089677780e+01
-9.1703515192804176e+01
-9.0597619619431626e+01
-8.9474721312557051e+01
-8.8335525265616681e+01
-8.7180747078246185e+01
-8.6011111485105630e+01
-8.4827350864987821e+01
-8.3630203737421112e+01
-8.2420413253907483e+01
-8.1198725690813632e+01
-7.9965888950751150e+01
-7.8722651079052611e+01
-7.7469758801673109e+01
-7.6207956090526906e+01
-7.4937982761912565e+01
-7.3660573113290283e+01
-7.2376454603258466e+01
-7.1086346579139089e+01
-6.9790959056125658e+01
-6.8490991551482878e+01
-6.7187131976814470e+01
-6.5880055590944096e+01
-6.4570424015484349e+01
-6.3258884314709142e+01
-6.1946068140896017e+01
-6.0632590945872167e+01
-5.9319051259085455e+01
-5.8006030032128429e+01
-5.6694090049277833e+01
-5.5383775403269162e+01
-5.4075611035212333e+01
-5.2770102337269350e+01
-5.1467734816457444e+01
-5.0168973817714750e+01
-4.8874264304166289e+01
-4.7584030692359271e+01
-4.6298676740091018e+01
-4.5018585484354205e+01
-4.3744119226802226e+01
-4.2475619564104662e+01
-4.1213407460504129e+01
-3.9957783359867861e+01
-3.8709027334524997e+01
-3.7467399268196409e+01
-3.6233139070355257e+01
-3.5006466919402314e+01
-3.3787568393183939e+01
-3.2576625019182927e+01
-3.1373799514970848e+01
-3.0179236090682192e+01
-2.8993060798764340e+01
-2.7815381898377218e+01
-2.6646290232409591e+01
-2.5485859615182804e+01
-2.4334147229016786e+01
-2.3191194027939090e+01
-2.2057025146922538e+01
-2.0931650315141532e+01
-1.9815064271839887e+01
-1.8707247183503654e+01
-1.7608165061130741e+01
-1.6517770176484550e+01
-1.5436001476310825e+01
-1.4362784993585869e+01
-1.3298034254949357e+01
-1.2241650683556454e+01
-1.1193523996661586e+01
-1.0153532597320073e+01
-9.1215439596639509e+00
-8.0974150072743889e+00
-7.0809924842359599e+00
-6.0721133185166707e+00
-5.0706049773735167e+00
-4.0762858145350851e+00
-3.0889654089620535e+00
-2.1084448950319974e+00
-1.1345172840382673e+00
-1.6696777693278264e-01
7.9442593171929943e-01
1.7498933587632024e+00
2.6996709456557042e+00
3.6440017808964669e+00
4.5831353308764022e+00
5.5173271791715166e+00
6.4468387741381186e+00
7.3719371846300668e+00
8.2928948636337196e+00
9.2099894195920555e+00
1.0123503395165610e+01
1.1033724053154490e+01
1.1940943169282274e+01
1.2845456831519353e+01
1.3747565245599155e+01
1.4647572546356706e+01
1.5545786614493650e+01
1.6442518898348037e+01
1.7338084240219846e+01
1.8232800706774476e+01
1.9126989423016511e+01
2.0020974409293324e+01
2.0915082420754459e+01
2.1809642788655324e+01
2.2704987262854956e+01
2.3601449854814817e+01
2.4499366680360417e+01
2.5399075801418419e+01
2.6300917065888925e+01
2.7205231944755752e+01
2.8112363365476106e+01
2.9022655540624640e+01
2.9936453790695609e+01
3.0854104359889838e+01
3.1775954223630322e+01
3.2702350886461360e+01
3.3633642168889750e+01
3.4570175981624750e+01
3.5512300085561591e+01
3.6460361835736713e+01
3.7414707907354924e+01
3.8375684001854289e+01
3.9343634530829618e+01
4.0318902275482031e+01
4.1301828019098267e+01
4.2292750149889507e+01
4.3292004231336044e+01
4.4299922536988944e+01
4.5316833546475578e+01
4.6343061399239495e+01
4.7378925302319800e+01
4.8424738888238650e+01
4.9480809518820671e+01
5.0547437530512759e+01
5.1624915416511875e+01
5.2713526940739392e+01
5.3813546178428190e+01
5.4925236477813911e+01
5.6048849337147601e+01
5.7184623190976779e+01
5.8332782099381404e+01
5.9493534333602753e+01
6.0667070851277458e+01
6.1853563654284045e+01
6.3053164022054069e+01
6.4266000613074226e+01
6.5492177427251391e+01
6.6731771621825544e+01
6.7984831173618147e+01
6.9251372380614043e+01
7.0531377196213555e+01
7.1824790389983576e+01
7.3131516529407349e+01
7.4451416778015769e+01
7.5784305506408657e+01
7.7129946714082067e+01
7.8488050261707286e+01
7.9858267915601374e+01
8.1240189208634959e+01
8.2633337124842285e+01
8.4037163618196246e+01
8.5451044992494758e+01
8.6874277113922474e+01
8.8306070552171249e+01
8.9745545633373041e+01
9.1191727453790065e+01
9.2643540898882264e+01
9.4099805720380317e+01
9.5559231732688914e+01
9.7020414199216816e+01
9.8481829488954673e+01
9.9941831093642307e+01
1.0139864610595129e+02
1.0285037226898380e+02
1.0429497571668674e+02
1.0573028953308753e+02
1.0715401326506228e+02
1.0856371352808158e+02
1.0995682584641042e+02
1.1133065786788330e+02
1.1268239408793056e+02
1.1400910220730611e+02
1.1530823653928537e+02
1.1657664744038476e+02
1.1781110702338400e+02
1.1900831401918254e+02
1.2016490934112670e+02
1.2127749347769949e+02
1.2234264560015923e+02
1.2335694421678404e+02
1.2431698914865100e+02
1.2521942454561933e+02
1.2606096260801750e+02
1.2683840763236783e+02
1.2754867996135457e+02
1.2818883939211429e+02
1.2875610758548947e+02
1.2924788902426869e+02
1.2966179009202028e+02
1.2999563588629309e+02
1.3024844956770855e+02
1.3041874214979816e+02
1.3050508187702809e+02
1.3050629156785899e+02
1.3042145080418771e+02
1.3024989525285554e+02
1.2999121334537043e+02
1.2964524061929737e+02
1.2921205208488706e+02
1.2869195302024306e+02
1.2808546861591321e+02
1.2739333288503056e+02
1.2661647722938565e+02
1.2575601900783985e+02
1.2481325039516753e+02
1.2378962775139024e+02
1.2268676164891686e+02
1.2150640763224229e+02
1.2025045771704725e+02
1.1892096029355832e+02
1.1752005697623753e+02
1.1605000451517616e+02
1.1451316760276237e+02
1.1291201268631031e+02
1.1124910155720377e+02
1.0952708474691251e+02
1.0774869459834055e+02
1.0591673790991301e+02
1.0403408808098024e+02
1.0210367671985139e+02
1.0012848470822217e+02
9.8111532746411939e+01
9.6055871431494324e+01
9.3964570944272452e+01
9.1840710440595402e+01
8.9687367257493960e+01
8.7507606055004530e+01
8.5304468020489921e+01
8.3080960264025464e+01
8.0840045531328570e+01
7.8584632355188290e+01
7.6317565757806122e+01
7.4041618605354415e+01
7.1759483702845628e+01
6.9473766702544069e+01
6.7186979883116308e+01
6.4901536839970163e+01
6.2619748110237019e+01
6.0343817739064889e+01
5.8075840777732076e+01
5.5817801688970114e+01
5.3571573621150620e+01
5.1338918500934568e+01
4.9121487883853980e+01
4.6920824494227332e+01
4.4738364379904318e+01
4.2575439603575433e+01
4.0433281390708046e+01
3.8313023654430502e+01
3.6215706819695932e+01
3.4142281872571417e+01
3.2093614565254320e+01
3.0070489713134222e+01
2.8073615526618056e+01
2.6103627927247850e+01
2.4161094804618315e+01
2.2246520178306838e+01
2.0360348231824638e+01
1.8502967199782837e+01
1.6674713087301754e+01
1.4875873210065400e+01
1.3106689547178846e+01
1.1367361903033618e+01
9.6580508777899539e+00
7.9789562944284356e+00
6.3301573455251940e+00
4.7117127812361517e+00
3.1236521298191420e+00
1.5659777893518552e+00
3.8666967274401998e-02
-1.4583265227189059e+00
-2.9250705968415502e+00
-4.3616533609467893e+00
-5.7681816845937277e+00
-7.1447798805735943e+00
-8.4915884814509184e+00
-9.8087631076557287e+00
-1.1096473410293612e+01
-1.2354902094267509e+01
-1.3584244009009225e+01
-1.4784705300936423e+01
-1.5956502622835721e+01
-1.7099862395216370e+01
-1.8215020115115884e+01
-1.9302219708247080e+01
-2.0361712920753401e+01
-2.1393758747188802e+01
-2.2398622891658270e+01
-2.3376577259347737e+01
-2.4327899475939152e+01
-2.5252872432649770e+01
-2.6151783854853399e+01
-2.7024925892443981e+01
-2.7872594730280039e+01
-2.8695090217214009e+01
-2.9492715512357250e+01
-3.0265776747418073e+01
-3.1014582703816785e+01
-3.1739444503887029e+01
-3.2440675315092669e+01
-3.3118590066501049e+01
-3.3773505176798871e+01
-3.4405738293206696e+01
-3.5015608040714582e+01
-3.5603433781111470e+01
-3.6169535381350926e+01
-3.6714232990826588e+01
-3.7237846827180462e+01
-3.7740696970305137e+01
-3.8223103164233052e+01
-3.8685384626637664e+01
-3.9127859865696813e+01
-3.9550846504093180e+01
-3.9954661109946805e+01
-4.0339619034493118e+01
-4.0706034256336281e+01
-4.1054219232120545e+01
-4.1384484753475377e+01
-4.1697139810099600e+01
-4.1992491458859078e+01
-4.2270844698779399e+01
-4.2532502351822245e+01
-4.2777764949338561e+01
-4.3006930624096555e+01
-4.3220295007786191e+01
-4.3418151133904672e+01
-4.3600789345930203e+01
-4.3768497210693290e+01
-4.3921559436856697e+01
-4.4060257798416025e+01
-4.4184871063337184e+01
-4.4295674926652040e+01
-4.4392941948275393e+01
-4.4476941495958371e+01
-4.4547939692903739e+01
-4.4606199369052227e+01
-4.4651980017646132e+01
-4.4685537755885207e+01
-4.4707125289855476e+01
-4.4716991883661855e+01
-4.4715383332688006e+01
-4.4702541940909683e+01
-4.4678706502187595e+01
-4.4644112285468445e+01
-4.4598991023823515e+01
-4.4543570907256253e+01
-4.4478076579211233e+01
-4.4402729136718960e+01
-4.4317746134112383e+01
-4.4223341590252375e+01
-4.4119725999201236e+01
-4.4007106344284530e+01
-4.3885686115483225e+01
-4.3755665330099653e+01
-4.3617240556641455e+01
-4.3470604941870036e+01
-4.3315948240960211e+01
-4.3153456850719429e+01
-4.2983313845815800e+01
-4.2805699017965019e+01
-4.2620788929345920e+01
-4.2428756936110076e+01
-4.2229773245061068e+01
-4.2024004965403776e+01
-4.1811616162000583e+01
-4.1592767911299603e+01
-4.1367618359887871e+01
-4.1136322785622838e+01
-4.0899033661294617e+01
-4.0655900720771520e+01
-4.0407071027581004e+01
-4.0152689045876926e+01
-3.9892896713743596e+01
-3.9627833518785899e+01
-3.9357636575953620e+01
-3.9082440707546411e+01
-3.8802378525344452e+01
-3.8517580514807740e+01
-3.8228175121284828e+01
-3.7934288838169486e+01
-3.7636046296940727e+01
-3.7333570359018893e+01
-3.7026982209367048e+01
-3.6716416417362979e+01
-3.6401993814913233e+01
-3.6083830613433868e+01
-3.5762041730460837e+01
-3.5436740890885140e+01
-3.5108040729481118e+01
-3.4776052894626346e+01
-3.4440888153103828e+01
-3.4102656495869411e+01
-3.3761467244658974e+01
-3.3417429159300980e+01
-3.3070650545591462e+01
-3.2721239363578547e+01
-3.2369303336094603e+01
-3.2014950057364089e+01
-3.1658287101505564e+01
-3.1299422130736467e+01
-3.0938463003079583e+01
-3.0575517879360433e+01
-3.0210695415296890e+01
-2.9844104677321440e+01
-2.9475863450586452e+01
-2.9106081831878633e+01
-2.8734870920076084e+01
-2.8362342855201103e+01
-2.7988610783856288e+01
-2.7613788951750500e+01
-2.7237992793255273e+01
-2.6861339017712751e+01
-2.6483945812504281e+01
-2.6105932682631675e+01
-2.5727420642469625e+01
-2.5348532288327178e+01
-2.4969391864260295e+01
-2.4590125322943123e+01
-2.4210860381324849e+01
-2.3832191491523957e+01
-2.3454236191695522e+01
-2.3077130519792917e+01
-2.2701007674459440e+01
-2.2326002704701878e+01
-2.1952252461500798e+01
-2.1579895607495587e+01
-2.1209072620098411e+01
-2.0839925787894231e+01
-2.0472599200201046e+01
-2.0107238729685967e+01
-1.9743992007953047e+01
-1.9383008394041497e+01
-1.9024438935796645e+01
-1.8668436324100163e+01
-1.8315154839972074e+01
-1.7964750294582849e+01
-1.7617379962241102e+01
-1.7273202506449721e+01
-1.6932377899151248e+01
-1.6595067333310965e+01
-1.6261433129014414e+01
-1.5931638633284130e+01
-1.5605848113847102e+01
-1.5284226647112348e+01
-1.4966940000643469e+01
-1.4654154510437202e+01
-1.4346036953342121e+01
-1.4042754414975725e+01
-1.3744474153519015e+01
-1.3451363459787949e+01
-1.3163589513999135e+01
-1.2881319239663796e+01
-1.2604719155058341e+01
-1.2333955222731831e+01
-1.2069192697521636e+01
-1.1810595973555518e+01
-1.1558328430724750e+01
-1.1312552281115966e+01
-1.1073428415890572e+01
-1.0841116253098928e+01
-1.0615773586913548e+01
-1.0397556438759025e+01
-1.0186618910808818e+01
-9.9831130423084993e+00
-9.7871886691727070e+00
-9.5989932872890051e+00
-9.4186719199450160e+00
-9.2463669897774921e+00
-9.0822181956218913e+00
-8.9263623946194208e+00
-8.7789334899156088e+00
-8.6400623242597376e+00
-8.5098765797886138e+00
-8.3885006842513867e+00
-8.2760557239032444e+00
-8.1726593632669342e+00
-8.0784257719309771e+00
-7.9934655585217271e+00
-7.9178857119550514e+00
-7.8517895500407242e+00
-7.7952766754790197e+00
-7.7484429392554937e+00
-7.7113804114056848e+00
-7.6841773590862790e+00
-7.6669182318544102e+00
-7.6596836540208564e+00
-7.6625504239071009e+00
-7.6755915198000260e+00
-7.6988761123611411e+00
-7.7324695832102144e+00
-7.7764335493666579e+00
-7.8308258931935644e+00
-7.8957007974519939e+00
-7.9711087850350237e+00
-8.0570967629119803e+00
-8.1537080697750710e+00
-8.2609825268406816e+00
-8.3789564912183252e+00
-8.5076629112193469e+00
-8.6471313829372818e+00
-8.7973882073897585e+00
-8.9584564474699313e+00
-9.1303559839124997e+00
-9.3131035694356168e+00
-9.5067128801754262e+00
-9.7111945634846943e+00
-9.9265562811197761e+00
-1.0152802746793512e+01
-1.0389935757022155e+01
-1.0637954214144623e+01
-1.0896854140341498e+01
-1.1166628681428083e+01
-1.1447268099142640e+01
-1.1738759750594792e+01
-1.2041088053483463e+01
-1.2354234435634780e+01
-1.2678177267351654e+01
-1.3012891775005514e+01
-1.3358349934239083e+01
-1.3714520341085748e+01
-1.4081368059246969e+01
-1.4458854441704075e+01
-1.4846936924775161e+01
-1.5245568792661487e+01
-1.5654698910462002e+01
-1.6074271423568025e+01
-1.6504225421285362e+01
-1.6944494562467057e+01
-1.7395006660877861e+01
-1.7855683227952234e+01
-1.8326438970552164e+01
-1.8807181241279292e+01
-1.9297809438852102e+01
-1.9798214356020566e+01
-2.0308277472463516e+01
-2.0827870190097588e+01
-2.1356853008225279e+01
-2.1895074635966623e+01
-2.2442371039456912e+01
-2.2998564421357550e+01
-2.3563462130324957e+01
-2.4136855498218814e+01
-2.4718518603014374e+01
-2.5308206955625195e+01
-2.5905656109151014e+01
-2.6510580189460047e+01
-2.7122670346500428e+01
-2.7741593126347187e+01
-2.8366988764732419e+01
-2.8998469403717536e+01
-2.9635617234261467e+01
-3.0277982568763072e+01
-3.0925081849230299e+01
-3.1576395598601732e+01
-3.2231366324951480e+01
-3.2889396390887889e+01
-3.3549845863454365e+01
-3.4212030363294240e+01
-3.4875218935780950e+01
-3.5538631971275862e+01
-3.6201439206655422e+01
-3.6862757845758182e+01
-3.7521650842388681e+01
-3.8177125395929195e+01
-3.8828131716306423e+01
-3.9473562122049145e+01
-4.0112250541728386e+01
-4.0742972495738499e+01
-4.1364445640933710e+01
-4.1975330965146817e+01
-4.2574234721361179e+01
-4.3159711191708354e+01
-4.3730266368844333e+01
-4.4284362635920154e+01
-4.4820424515613638e+01
-4.5336845542902289e+01
-4.5831996294939358e+01
-4.6304233584271138e+01
-4.6751910788729575e+01
-4.7173389253090384e+01
-4.7567050654914709e+01
-4.7931310181371224e+01
-4.8264630317314491e+01
-4.8565535000096361e+01
-4.8832623856587773e+01
-4.9064586206082367e+01
-4.9260214492573986e+01
-4.9418416804430564e+01
-4.9538228151818046e+01
-4.9618820202107742e+01
-4.9659509223810979e+01
-4.9659762055978412e+01
-4.9619200000624765e+01
-4.9537600625074539e+01
-4.9414897552719275e+01
-4.9251178407271773e+01
-4.9046681149825922e+01
-4.8801789103274629e+01
-4.8517024989876610e+01
-4.8193044312256774e+01
-4.7830628385856897e+01
-4.7430677284627357e+01
-4.6995495508487501e+01
-4.6526298188054383e+01
-4.6024295304669479e+01
-4.5490785853475643e+01
-4.4927151969116025e+01
-4.4334853056692296e+01
-4.3715419755980093e+01
-4.3070447568382477e+01
-4.2401589998616004e+01
-4.1710551102736119e+01
-4.0999077385491795e+01
-4.0268947666104914e+01
-3.9521966359027402e+01
-3.8759952541916711e+01
-3.7984729650661372e+01
-3.7198115166689263e+01
-3.6401910346186625e+01
-3.5597890226074306e+01
-3.4787794055979681e+01
-3.3973316365675274e+01
-3.3156098812067540e+01
-3.2337722927098099e+01
-3.1519703854142392e+01
-3.0703485126361421e+01
-2.9890434507750413e+01
-2.9081840887788466e+01
-2.8278909315264563e+01
-2.7482765576005072e+01
-2.6694453234100038e+01
-2.5914934101042817e+01
-2.5145089513129655e+01
-2.4385722222084993e+01
-2.3637558801552515e+01
-2.2901252474471647e+01
-2.2177386270954742e+01
-2.1466476432529291e+01
-2.0768975985998892e+01
-2.0085278417700366e+01
-1.9415721390307326e+01
-1.8760590446255051e+01
-1.8120122657348226e+01
-1.7494510183295120e+01
-1.6883903710504377e+01
-1.6288415748822558e+01
-1.5708123769718803e+01
-1.5143073174549286e+01
-1.4593280085968843e+01
-1.4058733959329921e+01
-1.3539400014060149e+01
-1.3035221487591507e+01
-1.2546121716481252e+01
-1.2072006050972199e+01
-1.1612763547277609e+01
-1.1168268695676982e+01
-1.0738382823460270e+01
-1.0322955424597463e+01
-9.9218253664178526e+00
-9.5348219502210227e+00
-9.1617659633108168e+00
-8.8024705372121765e+00
-8.4567419518182234e+00
-8.1243803592202184e+00
-7.8051804354064558e+00
-7.4989319669547037e+00
-7.2054203793673821e+00
-6.9244272132197153e+00
-6.6557305538229485e+00
-6.3991093913189516e+00
-6.1538693905056547e+00
-5.9198115929712074e+00
-5.6967048126956357e+00
-5.4843163156819159e+00
-5.2824120611370944e+00
-5.0907569236181942e+00
-4.9091148987674664e+00
-4.7372492949841174e+00
-4.5749229131212239e+00
-4.4218982160588105e+00
-4.2779374897831133e+00
-4.1428029973984550e+00
-4.0162571273100944e+00
-3.8980625366429891e+00
-3.7879822908012848e+00
-3.6857799999266199e+00
-3.5912199528779425e+00
-3.5040672492319374e+00
-3.4240879296899180e+00
-3.3510491051747167e+00
-3.2847190848073247e+00
-3.2248674996081697e+00
-3.1712654398678595e+00
-3.1236855671690691e+00
-3.0818189838736778e+00
-3.0454916642436203e+00
-3.0144816405621242e+00
-2.9885690602098549e+00
-2.9675363025372690e+00
-2.9511680933779090e+00
-2.9392516169398597e+00
-2.9315766248045385e+00
-2.9279355417585862e+00
-2.9281235681863755e+00
-2.9319387787557059e+00
-2.9391822171383488e+00
-2.9496579865192647e+00
-2.9631733356627805e+00
-2.9795387403214377e+00
-2.9985679797914688e+00
-3.0200782084395748e+00
-3.0438900220465861e+00
-3.0698275188357709e+00
-3.0977183550758625e+00
-3.1273937951713968e+00
-3.1586887561754011e+00
-3.1914418466814691e+00
-3.2254954000738838e+00
-3.2606955021353183e+00
-3.2968920130317745e+00
-3.3339385837135964e+00
-3.3716926667898104e+00
-3.4100155219500810e+00
-3.4487722160250467e+00
-3.4878316177907500e+00
-3.5270663876370776e+00
-3.5663529622330952e+00
-3.6055715343341035e+00
-3.6446060278862564e+00
-3.6833440685942715e+00
-3.7216769501269304e+00
-3.7594995961428266e+00
-3.7967105183258223e+00
-3.8332117706259741e+00
-3.8689088999066144e+00
-3.9037108932029341e+00
-3.9375301218007923e+00
-3.9702822823474166e+00
-4.0018863352074971e+00
-4.0322644402797367e+00
-4.0613418904893148e+00
-4.0890470431718633e+00
-4.1153112495638009e+00
-4.1400687826126124e+00
-4.1632567633189890e+00
-4.1848150858201878e+00
-4.2046863414214162e+00
-4.2228157417785344e+00
-4.2391510414317937e+00
-4.2536424598861764e+00
-4.2662426034295917e+00
-4.2769063868750781e+00
-4.2855909554085105e+00
-4.2922556067176050e+00
-4.2968617135725689e+00
-4.2993726470229845e+00
-4.2997537003693136e+00
-4.2979720140614326e+00
-4.2939965016700503e+00
-4.2877977770705762e+00
-4.2793480829721808e+00
-4.2686212209181438e+00
-4.2555924828767990e+00
-4.2402385845353638e+00
-4.2225376004019646e+00
-4.2024689008140292e+00
-4.1800130909442803e+00
-4.1551519518880671e+00
-4.1278683839088215e+00
-4.0981463519110264e+00
-4.0659708332029325e+00
-4.0313277676038783e+00
-3.9942040099439611e+00
-3.9545872849966957e+00
-3.9124661448778921e+00
-3.8678299289373088e+00
-3.8206687261625474e+00
-3.7709733401077994e+00
-3.7187352563537424e+00
-3.6639466124980982e+00
-3.6066001706705837e+00
-3.5466892925596976e+00
-3.4842079169334950e+00
-3.4191505396310267e+00
-3.3515121959961331e+00
-3.2812884457210316e+00
-3.2084753600626508e+00
-3.1330695113913247e+00
-3.0550679650280670e+00
-2.9744682733240682e+00
-2.8912684719341613e+00
-2.8054670782333821e+00
-2.7170630918265819e+00
-2.6260559970988733e+00
-2.5324457677556791e+00
-2.4362328733017651e+00
-2.3374182874099372e+00
-2.2360034981320789e+00
-2.1319905199077387e+00
-2.0253819073284820e+00
-1.9161807706200413e+00
-1.8043907928082721e+00
-1.6900162485398325e+00
-1.5730620245334792e+00
-1.4535336416435372e+00
-1.3314372785231803e+00
-1.2067797968894181e+00
-1.0795687683579294e+00
-9.4981250290334818e-01
-8.1752007892789047e-01
-6.8270137496738315e-01
-5.4536710306371305e-01
-4.0552884383986609e-01
-2.6319908332077291e-01
-1.1839125155046359e-01
2.8880236937452786e-02
1.7859994073215013e-01
3.3075134717094135e-01
4.8531682590191172e-01
6.4227758030287796e-01
8.0161359667104337e-01
9.6330359109364883e-01
1.1273249539064789e+00
1.2936536916447352e+00
1.4622643663887331e+00
1.6331300324062974e+00
1.8062221699936014e+00
1.9815106164174479e+00
2.1589634938639861e+00
2.3385471343020083e+00
2.5202260011733095e+00
2.7039626078279744e+00
2.8897174326288244e+00
3.0774488306569854e+00
3.2671129419590930e+00
3.4586635962865309e+00
3.6520522142881928e+00
3.8472277051294923e+00
4.0441363605237726e+00
4.2427217451755137e+00
4.4429245836495435e+00
4.6446826436955675e+00
4.8479306160733238e+00
5.0525999909385941e+00
5.2586189308750564e+00
5.4659121406287525e+00
5.6744007337940010e+00
5.8840020963742816e+00
6.0946297475278168e+00
6.3061931976142596e+00
6.5185978037393255e+00
6.7317446230093019e+00
6.9455302637296414e+00
7.1598467348057895e+00
7.3745812936310839e+00
7.5896162927761193e+00
7.8048290258283313e+00
8.0200915727700757e+00
8.2352706453306261e+00
8.4502274328038798e+00
8.6648174488910268e+00
8.8788903802101178e+00
9.0922899372136250e+00
9.3048537083761040e+00
9.5164130186605078e+00
9.7267927879970397e+00
9.9358114125184720e+00
1.0143280638978446e+01
1.0349005454553675e+01
1.0552783989453658e+01
1.0754407434694725e+01
1.0953659978796397e+01
1.1150318766928709e+01
1.1344153886912469e+01
1.1534928387201703e+01
1.1722398332794500e+01
1.1906312905930257e+01
1.2086414559434282e+01
1.2262439231663343e+01
1.2434116633176684e+01
1.2601170616492862e+01
1.2763319641569554e+01
1.2920277114844351e+01
1.3071752774113463e+01
1.3217452650600453e+01
1.3357080812196996e+01
1.3490340133515994e+01
1.3616933760383590e+01
1.3736566694940182e+01
1.3848947611991074e+01
1.3953790923698474e+01
1.4050819105579354e+01
1.4139765294762045e+01
1.4220376165983339e+01
1.4292415084411019e+01
1.4355665022358725e+01
1.4409933283735020e+01
1.4455054796153933e+01
1.4490896216647666e+01
1.4517360093815917e+01
1.4534389100918109e+01
1.4541970170992251e+01
1.4540138471369772e+01
1.4528981069057098e+01
1.4508640138129660e+01
1.4479315545326235e+01
1.4441266640535405e+01
1.4394813075522984e+01
1.4340334478791300e+01
1.4278268828520787e+01
1.4209109390471733e+01
